# Assignmet6 Q3
A = [40 64 52; 60 82 76; 76 96 84]
B = [3.45 1.20; 3.65 1.30; 3.85 1.45]
product = A*B
