A = [1 2 -1 0; 0 5 3 0; -2 0 0 4; 0 6 -4 -3];
B = [9 13 5 2; 1 11 7 6; 3 7 4 1;6 0 7 10];
sum = A+B;
diff = A-B;
prodAB = A*B;
prodBA = B*A;
t = 10*A;
trA = A';
