% Q-1
C = [1 2 5; -1 0 1; 3 2 -1; 0 1 4]
F = C(:,2:3)
% Q-2
C = [1 2 5; -1 0 1; 3 2 -1; 0 1 4]
G = C(3:4,1:2)

